,#_dientes_scott,#_alto_scott,#_bajo_scott,ds_G_0,ds_G_1,ds_G_2,ds_G_3,ds_G_4,ds_G_5,ds_G_6,ds_G_7,ds_G_8,total_#_ds,suma_dientes,mol_G_1,mol_G_2,mol_G_3,mol_G_4,mol_G_5,mol_G_6,mol_G_7,mol_G_8,mol_G_9,mol_D_0,mol_D_1,mol_D_2,mol_D_3,mol_D_4,mol_D_5,mol_D_6,mol_D_7,mol_D_8,mol_D_9,mol_F_0,mol_F_1,mol_F_2,mol_F_3,mol_F_4,mol_F_5,mol_F_6,mol_F_7,mol_F_8,mol_F_9,Sitio_01 Palma Plana  ,Sitio_02 Palma Torre,Sitio_09 El Refugio,Sitio_102 La Esperanza Sorpresa,Sitio_11 El Mirador,Sitio_12 Torre de Energía,Sitio_12 Torre de Energía (S.T),Sitio_21 Selva Ventiaderos,Sitio_22 Selva Bamba,Sitio_37 Primavera El placer,Sitio_38 El Recreo Tórtola,Sitio_41 El Vergel los Búfalos,Sitio_60 Torre Baja,Sitio_63 El Filo,Sitio_63 El Filo ,Sitio_65 Piscina Primavera ,Sitio_78 La Lengüeta,Sitio_89 La Isabela,Sitio_89 La Isabela (Salv.),Sitio_93 La Nada,Sitio_93 La Nada ,Sitio_El Edén,Periodo_2.0,Periodo_3.0,Periodo_4.0,Periodo_4.1,Periodo_4.2,Sexo_F,Sexo_I,Sexo_M,Rango Edad_16-20,Rango Edad_20-35,Rango Edad_35-50,Rango Edad_>50
#_dientes_scott,1.0,0.615238913735687,0.7351224089352657,0.2410717176168706,0.6752208678727579,0.5819456539269513,0.4615704383451041,-0.13144753888082164,-0.11325277795697519,-0.1834965649148289,-0.25272115805725526,-0.2425581161185253,0.7322336193298997,0.7347464238312167,0.30661645100402246,0.7154034173759487,0.6408983325249034,0.1836066417463443,-0.22920150368939168,-0.20735653610311236,-0.24362263216493382,-0.2171546575740599,0.14571815830389237,0.25800688225420054,0.6115226958829655,0.11744439290086355,0.37116420194860433,0.03936599680295644,0.3010490257411743,-0.13356502332392073,0.35800373669673746,0.1945678090476884,0.17064502170780993,0.25800688225420054,0.6045192151336183,0.12124783827851496,0.19949870453350266,-0.19564430163975444,0.31562856829355923,0.43552487268482376,0.13122999766458418,,0.18115961481021936,-0.06625203765590645,-0.02675563059180838,-0.08522967406417296,0.052237183536387864,0.045625119581119075,0.0826643116206947,0.05223718353638783,-0.009992240445913852,-0.0662520376559065,-0.009992240445913849,-0.03815219079348925,-0.11668063368286188,0.20840469781436358,0.21022281179278018,-0.06625203765590651,-0.06631214114106464,0.04562511958111908,-0.2071118928789416,-0.03815219079348924,-0.13498138072740454,-0.06631214114106464,0.15185824833089606,0.11518472812282518,0.005879756364668562,0.1369036697110099,-0.09498040633299595,-0.07675998699809854,-0.05339651745275444,0.2084357796080091,-0.08218367585572485,0.3327396572082142,0.0995086453134999,-0.19615395878935055,-0.3208327221141797
#_alto_scott,0.615238913735687,1.0,-0.08216737163891212,-0.05153158646479297,-0.04474524759966624,0.3756344606392592,0.6927660779728927,0.19988453575379983,0.2391660841277259,0.09567659097699532,-0.06002818589898562,-0.018355887112058582,0.584819754616195,0.584917667845726,-0.15683021704543318,0.027025418871611553,0.7260226857089938,0.47744335650567227,0.07605906767117779,0.1130095308045361,-0.043822168078146026,-0.0015895516627640208,0.06943127049877389,-0.18681499109855276,0.03310165773766416,0.41813983421792067,0.5970153302911548,0.3043456319756912,0.27112753060759964,-0.05131912036864983,0.2597138424962183,0.1907470131128209,0.13327471209835134,-0.18681499109855276,0.02275392567823972,0.3343068171473545,0.23528190620879147,-0.022710851016705856,0.49949794811053566,0.5110741312048368,0.14609380307759282,,0.1340370458260035,-0.1442208056022386,-0.1442208056022386,-0.04708520682574335,-0.1442208056022389,0.08686454869112603,0.1759477622374473,-0.08615788386627245,0.0013354003522775906,-0.02809496213030628,-0.1642542433301436,-0.12285683240953828,-0.049479806216464174,0.3294217250486419,-0.14422080560223882,-0.08615788386627253,-0.08145942148893305,0.05277845996422849,-0.12285683240953832,-0.20565165425074886,-0.011264788232099575,0.0013354003522775878,0.2219609303349068,0.018692371237330935,-0.08739760052310894,0.2072315899619682,-0.18405627817553946,0.03586125206488058,-0.11680006752668942,0.1297241975818467,0.035998436071142274,-0.255076665203967,0.2048000909479789,0.09141816244896261,-0.14604394659510242
#_bajo_scott,0.7351224089352657,-0.08216737163891212,1.0,0.34907695977923026,0.8920914138667765,0.4126671432335639,-0.012228587679665748,-0.3380665902945528,-0.3488450220661226,-0.31425312343746414,-0.2678682166706722,-0.2908562576451998,0.42277174329456235,0.4258642244764964,0.5224901274906623,0.8811708446029668,0.18587827670238152,-0.17846279755691524,-0.35516309452962536,-0.3593223241847237,-0.27030226228668325,-0.2731594900205646,0.12450907444478822,0.48682345754891143,0.7446198038482399,-0.21110683867765279,-0.04417899455880879,-0.2119559307128464,0.14742910211056962,-0.12472067057800985,0.22924633144869827,0.08193909649318114,0.10111932641005901,0.48682345754891143,0.7446645620122002,-0.13420624361911979,0.049874896937421725,-0.2278028639437002,-0.030526845252028718,0.11109084099098487,0.040267151945109964,,0.11375628154881465,0.04026715194510996,0.09019842035704632,-0.06725618969254571,0.19006095718091912,-0.017020083807697848,-0.046802420871062435,0.14012968876898269,-0.013780546641488855,-0.05959538487876268,0.12861843532056277,0.057418944339536954,-0.10495718348080345,-0.019821799167004682,0.38978603082866436,-0.009664116466826385,-0.013780546641488844,0.012292282750003996,-0.15617952860354037,0.12861843532056272,-0.16095598993015775,-0.08498003762251458,0.0011033267460632626,0.12954174898081147,0.08259082986251956,-0.005135706509579262,0.038205368314247805,-0.12787872188980434,0.032938579980353364,0.15194758556769594,-0.13485330859258243,0.640002158342903,-0.05031944166863667,-0.32659253219420004,-0.280005361168966
ds_G_0,0.2410717176168706,-0.05153158646479297,0.34907695977923026,1.0,0.33402597921356353,0.23233085128381156,0.05644974593222452,-0.1878681228052891,-0.19211530322247955,-0.208896653954169,-0.1061698420028704,-0.14528929799802814,0.3659809676566711,0.36339852998237837,0.542497766301169,0.30881248672607137,0.13201288432360542,-0.147777258376431,-0.1479502300178578,-0.1813224493908612,-0.12920023546343895,-0.12498120383614296,0.7880237726174706,0.5648138462991172,0.3312414212034464,-0.09990400073432272,-0.1684456985305732,-0.0565588548055221,-0.11105973176368675,-0.1636524512989549,0.2259556824885972,0.1384423325621047,0.7011712593596552,0.5648138462991172,0.33402323212545676,-0.08868825466281223,-0.05537244567601256,-0.18257897291646988,-0.0015945811366574719,0.03940014531425766,0.11535322173819926,,0.6918243552004546,-0.027684773217167804,0.18687221921588276,-0.00983003361719966,-0.09920377069485128,-0.006771860653140646,-0.16254272762340127,-0.027684773217167814,0.011514154661795964,-0.09920377069485115,0.36845294917747107,-0.03947710169758619,0.11918474749527531,-0.09345611872043201,-0.09920377069485121,-0.09920377069485121,-0.03947710169758618,-0.17471400485102845,-0.14145961441635033,0.16448792373994242,0.10139716604217931,-0.09046835805696826,0.15013314104474085,-0.13272846880155642,0.2365977689124865,0.16771961760590243,-0.11270418096998336,-0.09246691530017864,-0.12231732297885066,0.40681597930602686,-0.1415269758308975,0.34766375072851424,0.018018749253911177,-0.15987031889031292,-0.2536148673237509
ds_G_1,0.6752208678727579,-0.04474524759966624,0.8920914138667765,0.33402597921356353,1.0,0.40257843168167073,-0.08678385797329001,-0.38579600032157857,-0.3367706644907456,-0.299213922855288,-0.2554029781765849,-0.2863700433455036,0.438645113163414,0.44143795634434935,0.4450453507500738,0.9586760253911271,0.17773799382499086,-0.23847648725772974,-0.3657406003287385,-0.3179147914696113,-0.25768280939514865,-0.2650348491043185,0.12177593148128123,0.441378474674529,0.7982488157559463,-0.13947402274439785,-0.022816307625620137,-0.2183508011936883,0.06279350857318591,-0.1701664097464741,0.23268123977430516,0.01541136603887517,0.0634689546857644,0.441378474674529,0.8007151353961042,-0.07923456427033033,0.054494715689655464,-0.22048263610554764,-0.07768398937396571,0.13335740185725212,-0.06922336344239978,,0.07264429417389702,0.04836152788441625,-0.010430917778991754,-0.03919194798307611,0.25413508770634463,0.01614381303207035,-0.09927048374514412,0.28353131053804825,-0.07775028180486394,-0.09861958627410379,0.13183743436476933,0.048002347896915924,-0.1564279814486816,-0.03646800665763161,0.22473886487464068,0.0189653050527123,0.006084804662989347,0.016143813032070353,-0.14062659665575372,0.08991989113084263,-0.10572784177586962,-0.09870905342182712,0.06495656912993793,0.11968688972052144,0.1293398636124003,0.025700291839586862,0.08274133357531288,-0.2118189852329041,0.09121447467065256,0.14645227259739887,-0.19199050820047922,0.6407008235646255,-0.07406188382070854,-0.3185554101878256,-0.2521213973344279
ds_G_2,0.5819456539269513,0.3756344606392592,0.4126671432335639,0.23233085128381156,0.40257843168167073,1.0,0.3658065126024789,-0.22354657178479367,-0.2730500318014662,-0.23981192475110152,-0.22872010117779604,-0.22955261636981372,0.6276892872718313,0.6291535691306778,0.23722134326634467,0.5468861055669164,0.6437217783283087,0.20550805304731334,-0.22174079122195686,-0.26467909067717627,-0.21918853267819435,-0.21746437433650256,0.17116888380552123,0.24515530829024346,0.45771895899317305,0.1088081682227258,0.1652819201586838,0.10132075886439802,0.3052263658660612,-0.13295183450051123,0.4875023152692079,0.305321808736113,0.11041960528276944,0.24515530829024346,0.45195814268784607,0.06769584948236494,0.17923562613428556,-0.14123466193910741,0.34511219044985203,0.39708327842517094,0.13599844157164062,,0.11906290665657343,0.06037598975601969,-0.053057687967411345,-0.08730992695855935,-0.09086891387522171,-0.049048747317977155,0.04782223261626954,0.09818721566383029,-0.04869915053722447,-0.05305768796741134,0.05913468279520103,0.00521776612898833,-0.004654260694406584,0.33710776372510676,-0.0908689138752216,-0.053057687967411345,-0.12957452553654342,-0.004654260694406589,-0.12957452553654344,0.032176224462094664,0.06968968627779791,-0.10261606720343713,-0.0004177556286108196,-0.004654260694406592,0.026893569276771057,0.014000735706136615,-0.08386721660535237,0.05324540906274466,0.016166921009467018,0.22843005528888158,-0.167951673142243,0.20652993063330324,0.023815735071944302,-0.052917806929113936,-0.23230676994331
ds_G_3,0.4615704383451041,0.6927660779728927,-0.012228587679665748,0.05644974593222452,-0.08678385797329001,0.3658065126024789,1.0,0.06978696343074942,-0.05875503841626615,-0.16292717296032513,-0.2535449910343518,-0.21753336746099258,0.460143800019473,0.45999602352010494,-0.1952255854799473,0.01049529301547157,0.7665152535641899,0.4585656566025128,-0.08418520675379217,-0.1385503373152458,-0.23319689949798195,-0.1813064099884936,0.2449757901630731,-0.2146681579923148,-0.03752881972825393,0.2882234162806518,0.25733713761200333,0.21489153599427588,0.3282979750615942,-0.04490551734183814,0.3618026516541772,0.4572962689570301,0.21942390967490946,-0.2146681579923148,-0.04888565871996044,0.2775776830700527,0.05711968526902759,-0.23190688245709962,0.4609794356747103,0.5471768044752199,0.43358651677697374,,0.22721408451753755,-0.11160963380374532,-0.11160963380374532,-0.08876949194638653,-0.11160963380374532,0.04963705839558633,0.02288606976269383,-0.1116096338037453,-0.15914975461560055,0.05614302791339903,-0.03954630266205828,-0.009645439673672764,0.19735694418085134,0.28718979314849036,-0.11160963380374532,-0.06967146837445921,0.020255423314712778,0.02501707743137551,-0.15914975461560046,-0.15914975461560044,0.11046760334937274,-0.1591497546156004,0.13483541287404474,0.1234970012882189,-0.03537845277916186,0.18807172858955332,-0.21603023786813613,0.008634053521208856,-0.1569430899818633,0.23989986068894376,0.004986540512451032,-0.3218604076153628,0.438491065565044,-0.06643785768829386,-0.23172295949641153
ds_G_4,-0.13144753888082164,0.19988453575379983,-0.3380665902945528,-0.1878681228052891,-0.38579600032157857,-0.22354657178479367,0.06978696343074942,1.0,0.3615335713201782,0.043620256226924115,0.19733460216119286,0.06360878667679307,0.2001229330505826,0.19796232086893206,-0.1239478971642157,-0.40398410897384984,0.05296510214260327,0.6218799504827776,0.47357957823278307,0.18234244363911548,0.1621046012725731,0.04676256004516975,-0.1018148124747765,-0.13575510164056293,-0.30121180839753936,0.34474902236617305,0.23261619471993472,0.4547117827061689,0.10625366685741361,0.30628909196029486,-0.08040697592975578,0.17801459063300637,-0.008794792105628401,-0.13575510164056293,-0.3102655031709036,0.3440270343951949,0.24099411846685903,0.27479648716354543,0.20035520409770194,0.15514409201939505,-0.052278615940311135,,-0.012470159309960734,-0.09793036507128693,-0.09793036507128693,0.17757320877597682,-0.09793036507128709,-0.11887121745586743,0.23593706122790434,-0.09793036507128698,-0.07454669113218197,0.22163187884554403,-0.10709524641524734,-0.10709524641524736,0.2563295707321065,-0.08381845127324435,-0.09793036507128705,-0.09793036507128705,-0.041998135849116595,-0.03847104855844433,-0.1396438016983127,-0.13964380169831267,-0.18429157648585034,0.25093886169847174,0.08675358304238825,-0.11887121745586737,-0.1774534779208325,0.01831258390394461,-0.18650581432740593,0.2939879124380279,-0.009109001239663187,-0.20018014014740204,0.14190588124255785,-0.34016322061363363,-0.0057508315944318844,0.3846760134684421,-0.09474754249177575
ds_G_5,-0.11325277795697519,0.2391660841277259,-0.3488450220661226,-0.19211530322247955,-0.3367706644907456,-0.2730500318014662,-0.05875503841626615,0.3615335713201782,1.0,0.4830498973864323,0.31917059302595313,0.27730870394344664,0.24422370108829455,0.24255356420606,-0.1317445031345486,-0.35130010738162376,-0.10272335662880891,0.15685802181064407,0.8364956633192132,0.6069835814323044,0.32480457284638214,0.13700789887231404,-0.13257860233327529,-0.12885808279767666,-0.25111696935205385,0.36135161257180065,0.4950517868173146,0.35397984977759034,-0.05299453133727738,0.14276181135326585,0.028134782092306094,-0.03525933515285963,-0.02769694862617921,-0.12885808279767666,-0.25406397505861295,0.3175255059218195,0.3887803079954543,0.30196107012010454,0.2369157975730429,0.059558793431704254,-0.06309759252548315,,-0.031953822617607035,-0.0630975925254831,-0.0630975925254831,-0.04868342749600099,-0.06309759252548319,-0.11112514181033674,0.09774805171607133,-0.06309759252548314,0.06079325035906572,-0.06309759252548314,-0.08997401053141715,-0.052282195308796464,0.10611950479185314,0.06033663432713319,-0.06309759252548316,-0.06309759252548316,-0.08997401053141715,0.07508455527725465,-0.014590380086175761,-0.08997401053141714,-0.14595711853240698,0.02310143513644495,0.25466003829000766,-0.04905524278113969,-0.1294177084118218,0.19683799286449757,-0.16854400492326507,0.08053965902316032,-0.21871759711540995,-0.17581073190598978,0.3443737267327167,-0.22887004825778215,-0.23974440887317883,0.323178150716366,0.24414375580084097
ds_G_6,-0.1834965649148289,0.09567659097699532,-0.31425312343746414,-0.208896653954169,-0.299213922855288,-0.23981192475110152,-0.16292717296032513,0.043620256226924115,0.4830498973864323,1.0,0.1418741329504059,0.5350921247727266,0.03700660448447215,0.03602057631329103,-0.12482564176578496,-0.30774737753323567,-0.25963856827856463,0.09027153329662085,0.47910491354045504,0.5983203947735098,0.23851612377168563,0.49682028264273714,-0.1809272261325973,-0.12303673712441848,-0.24173768928876174,0.3860200706085583,0.2842468985094475,0.030044976374435817,-0.06735771342750484,0.10549028741903888,-0.17475145850358345,-0.14568287223408233,-0.0825898699610082,-0.12303673712441848,-0.2448638001069358,0.15851021227194373,0.008060011530864048,0.2930886350843365,0.18224883147831347,0.0027143935186389138,-0.05233818802414127,,-0.08549579361255208,-0.05233818802414126,-0.05233818802414126,-0.01858372267328463,-0.05233818802414131,-0.09217607730326365,-0.03819395838652064,-0.052338188024141245,-0.07463163794367476,-0.05233818802414125,-0.07463163794367476,-0.07463163794367478,-0.03926018107361229,0.07753011830142822,-0.052338188024141294,-0.052338188024141294,-0.07463163794367479,-0.09217607730326367,0.24669902542492503,0.31096515809864494,-0.12106850368539462,0.18243289275120508,0.1294651193265118,-0.09217607730326367,-0.10734939457120836,0.08714918376186488,-0.047622081226874974,0.06680603250673907,-0.20848435319520248,-0.038193958386520614,0.24267722580193188,-0.18984311666046988,-0.29522589492723256,0.24091239923611266,0.4038862394327199
ds_G_7,-0.25272115805725526,-0.06002818589898562,-0.2678682166706722,-0.1061698420028704,-0.2554029781765849,-0.22872010117779604,-0.2535449910343518,0.19733460216119286,0.31917059302595313,0.1418741329504059,1.0,0.4743181473959714,0.03169998119252638,0.030844482262331902,-0.09329596889328959,-0.266636338398772,-0.31808918030119093,-0.06736281131027057,0.31806482692570537,0.41843242467205755,0.9552391089377044,0.32083918085109897,-0.038147993346257195,-0.09670474641917949,-0.2073608171695202,0.10691474416484778,0.31699458542624814,0.07369582105512303,-0.22663796196685856,0.02097263162758345,0.05666679716114455,-0.11400682496986689,0.09173840668000054,-0.09670474641917949,-0.21002269385069922,0.2014860938948816,0.3828830083389531,0.5421108458413012,-0.19014661891730733,-0.1567404216200991,-0.045467111224507535,,0.08749984213402254,-0.04546711122450751,-0.04546711122450751,0.19516313269592575,-0.045467111224507514,-0.08007499145849654,0.03954760266987769,-0.045467111224507535,-0.06483382614788016,-0.045467111224507535,-0.06483382614788015,-0.06483382614788015,0.2876768211657097,-0.09325632099837601,-0.04546711122450755,-0.04546711122450755,-0.06483382614788014,0.22638485239500866,0.009605011281167431,-0.0648338261478801,-0.10517435415053907,0.15848268613926253,-0.11996655245096909,-0.08007499145849649,-0.093256320998376,-0.14067735087819458,-0.10033449127928255,0.284589308485592,-0.062497102239103326,-0.08512789049278766,0.12148082763576946,-0.1649200789379135,-0.09206542351627232,0.12278045678378487,0.19516313269592525
ds_G_8,-0.2425581161185253,-0.018355887112058582,-0.2908562576451998,-0.14528929799802814,-0.2863700433455036,-0.22955261636981372,-0.21753336746099258,0.06360878667679307,0.27730870394344664,0.5350921247727266,0.4743181473959714,1.0,-0.008584968888629292,-0.009379908375518612,-0.16109322569893067,-0.2760061943263832,-0.3251093806939125,0.011976338308902287,0.39551440658498177,0.17857499854410883,0.4595933389626121,0.8896225434780494,-0.11028907941490909,-0.14387825624270908,-0.2205583704010939,0.2876399137514666,0.1364932115359701,-0.03496214725667574,-0.08674043467244619,0.011599481663682427,-0.09855917468256484,-0.04577824804431084,0.05027112144397477,-0.14387825624270908,-0.2234157445285295,0.07578215625559548,0.03781621592236695,0.4714582853191045,0.028572735126173546,-0.06731153858987637,-0.04760302747030673,,0.0463134090056818,-0.04760302747030669,-0.04760302747030669,0.19268746273373688,-0.0476030274703067,-0.08383668800204641,-0.13263775629974364,-0.04760302747030673,-0.06787953586677549,-0.04760302747030673,-0.06787953586677548,-0.06787953586677548,0.13274142266990707,-0.09763723910993902,-0.04760302747030671,-0.04760302747030671,-0.06787953586677543,0.02445236733393017,0.19515366561697903,-0.0678795358667754,-0.024775908241510942,0.3266702663588564,0.026494222851264054,-0.08383668800204641,-0.09763723910993904,-0.005691872117971738,0.188190115839277,-0.0805095593651819,0.11567626587004963,-0.13263775629974353,-0.03289936102750424,-0.17266755764010341,-0.09294788246803463,0.1882409764816945,0.11409126082918604
total_#_ds,0.7322336193298997,0.584819754616195,0.42277174329456235,0.3659809676566711,0.438645113163414,0.6276892872718313,0.460143800019473,0.2001229330505826,0.24422370108829455,0.03700660448447215,0.03169998119252638,-0.008584968888629292,1.0,0.9998557684042646,0.2790509738463796,0.5007666398765483,0.6061435823950616,0.40503100370404393,0.2499956002523565,0.05997787719331325,0.035822921641898056,-0.06658976711177934,0.31110010603720917,0.2757341894692362,0.45013690876338025,0.4340172581207519,0.5021644200272295,0.2983611134678109,0.25174368962032434,-0.03177417090484884,0.513863089177497,0.3790859139884091,0.3427531168332066,0.2757341894692362,0.4391371616504664,0.3860680377863863,0.41507523206503033,0.059578033504423915,0.46576019601886176,0.5468563126782315,0.1672520549946909,,0.34869658056034564,-0.0771499378258338,-0.11206450822876592,-0.0038391075143132565,-0.042235367422901765,-0.11537686242978842,0.04214125016445769,0.0799656289873606,-0.17224499049574774,-0.042235367422901744,0.07668716360067085,-0.07267212885718027,0.20232275016341114,0.20877295369495524,-0.059692652624367834,-0.14697907863169812,-0.13490516738128489,0.007603632767579183,-0.23447802901985226,0.002007517371745317,-0.12192797297836303,0.0020075173717453115,0.2559464921835908,-0.012893116431982078,-0.023967019580472065,0.205773252975297,-0.24218604581732758,0.07173689118498827,-0.1491418239537945,0.2228106524652709,0.008154574113016367,0.14038486724097785,-0.008796500392707131,0.058534833761932574,-0.24930204421071692
suma_dientes,0.7347464238312167,0.584917667845726,0.4258642244764964,0.36339852998237837,0.44143795634434935,0.6291535691306778,0.45999602352010494,0.19796232086893206,0.24255356420606,0.03602057631329103,0.030844482262331902,-0.009379908375518612,0.9998557684042646,1.0,0.2774274162895481,0.5039935077523556,0.606477934516411,0.4041248424025846,0.24804314819937248,0.05883109324925387,0.03497112038669408,-0.0671840467841816,0.3100192582339041,0.2742202110946799,0.4511639205098125,0.43408367498513667,0.5016524872869027,0.29633260393176963,0.2514857025374983,-0.0323363578221402,0.5156764301851884,0.38125105480412946,0.34127184548449396,0.2742202110946799,0.440243430127444,0.3863513850822253,0.41473885422919826,0.05818638144495648,0.46496388197420074,0.5495632589602142,0.16656779634647473,,0.3471875959792146,-0.07724476221801105,-0.11207512772722328,-0.004547945191257145,-0.04241439670879881,-0.11559329648165018,0.041256963959520686,0.07949188257344406,-0.172230115377776,-0.04241439670879876,0.07610167888785452,-0.07289739767152377,0.20134010699585575,0.2076933217269239,-0.059829579463404926,-0.1469054932364356,-0.13498034623793137,0.01731425981536844,-0.2343130639441836,0.0016021406081653511,-0.12228366812786151,0.0016021406081653568,0.25436716127104386,-0.003133056538019039,-0.024485343060733054,0.20420223263412374,-0.24295035809974824,0.06969949072844508,-0.14672556349415838,0.22149063849271133,0.006507925915181083,0.13902744000672937,-0.006581464135404093,0.05720886395781602,-0.24941888890999694
mol_G_1,0.30661645100402246,-0.15683021704543318,0.5224901274906623,0.542497766301169,0.4450453507500738,0.23722134326634467,-0.1952255854799473,-0.1239478971642157,-0.1317445031345486,-0.12482564176578496,-0.09329596889328959,-0.16109322569893067,0.2790509738463796,0.2774274162895481,1.0,0.4565962915132713,-0.06528000985282062,-0.13438914994372575,-0.11462766162473188,-0.13605301277755175,-0.11423455904039723,-0.1490914282306141,-0.00023316437951668872,0.972526522426165,0.5100584951548878,-0.1817710574363449,-0.1161165500995392,-0.21869932831092076,0.024538764263882108,-0.009097921488278597,0.09463932035645314,-0.12895547382779043,-0.014776473234595177,0.972526522426165,0.5257462507507235,-0.14346771707371367,-0.08798195542115256,-0.08274635063373073,-0.12846751043330823,-0.003568670012602163,0.0427965330928926,,-0.01861962096206727,0.042796533092892546,0.4358906148350193,-0.016208817969462153,-0.05547698734263864,-0.09770401435159619,0.08012777773836209,-0.05547698734263848,-0.07910740875576112,-0.05547698734263849,0.13109227736669032,-0.009040846714944175,-0.04001212016303462,-0.11378729812197298,0.04279653309289261,-0.055476987342638555,-0.07910740875576117,-0.09770401435159622,-0.0791074087557612,0.4113585255299584,-0.12832916270331715,-0.07910740875576122,0.04560236393891198,-0.09770401435159623,0.03738725509721976,0.007075581740069769,-0.21081423439698227,0.20879568500904602,-0.114851235078817,0.2757152667060176,-0.06259788572951683,0.6089115847436157,-0.28473285187147956,-0.11556876477068609,-0.14182715723279388
mol_G_2,0.7154034173759487,0.027025418871611553,0.8811708446029668,0.30881248672607137,0.9586760253911271,0.5468861055669164,0.01049529301547157,-0.40398410897384984,-0.35130010738162376,-0.30774737753323567,-0.266636338398772,-0.2760061943263832,0.5007666398765483,0.5039935077523556,0.4565962915132713,1.0,0.23920914352234338,-0.17490087005785596,-0.37423887639887327,-0.34019895261603145,-0.2627364548618747,-0.2576405405595185,0.07096704500077743,0.46181240816973723,0.830223786594324,-0.11243046011658492,0.008196356569858308,-0.19287277132730052,0.12146621665024702,-0.17111716046485925,0.2810215514620973,0.0576607835516874,0.009797918578060151,0.46181240816973723,0.8344372016337004,-0.05338314383400881,0.06351745579204184,-0.2050061673567826,-0.04508180628247521,0.21108096214599537,-0.04499168512422619,,0.020385577454083585,0.09310160585112164,-0.04499168512422615,-0.06794995778590289,0.2311948968264694,0.050471531040327804,-0.09238110695298714,0.28643221321660817,-0.06415589231171437,-0.07261034331929568,0.0736839951302859,0.014609757655142889,-0.1440922984622827,0.03517649238399033,0.17595758043633006,-0.017373026929156647,-0.024773067328285738,0.03425787858177687,-0.14292154227857165,0.17214105758885725,-0.1040746002471847,-0.08384730480342867,0.025632054228528572,0.1315397933330821,0.10598631471539939,-0.013635510783317173,0.0959775420668496,-0.18581891981168983,0.0714156773585716,0.16047006102198355,-0.18061557084992058,0.5927040730925058,-0.031312541063760795,-0.32291393712791755,-0.25623587433231576
mol_G_3,0.6408983325249034,0.7260226857089938,0.18587827670238152,0.13201288432360542,0.17773799382499086,0.6437217783283087,0.7665152535641899,0.05296510214260327,-0.10272335662880891,-0.25963856827856463,-0.31808918030119093,-0.3251093806939125,0.6061435823950616,0.606477934516411,-0.06528000985282062,0.23920914352234338,1.0,0.29727817685047914,-0.18995875114565794,-0.20906136674956133,-0.29658051826096765,-0.308926171008739,0.22492110160800094,-0.06730988856595313,0.24513439897021402,0.2921638687303792,0.3077498442335208,0.3179343687814541,0.3567976973889176,-0.17006071686298416,0.2915951025075234,0.3631355611618172,0.18054940278764448,-0.06730988856595313,0.22913871750315173,0.2715996034375956,0.19136438973391348,-0.2761149186164268,0.47212454527522396,0.44851124201512554,0.1385079187722751,,0.1813573370822204,-0.06355069214257314,-0.09722712729504805,-0.07637366674543858,-0.13090356244752271,0.006696255285993303,0.13123741485928098,0.0038021781623761752,-0.11463056386387904,-0.06355069214257317,0.053442627747348974,-0.018588740086034422,-0.0130736412726536,0.24955332337890507,-0.13090356244752266,-0.06355069214257321,-0.06660965197495662,-0.013073641272653591,-0.18666193169726225,-0.18666193169726225,0.1645955959275336,-0.16265147575280114,0.18603628947120657,0.06600594496193396,0.007798541355590785,0.25077964157230426,-0.22899628181304957,-0.026346020004164878,-0.04484263501657657,0.2384758955350689,-0.11097361303193734,-0.08615152836131386,0.2927173274957451,-0.07527877370757374,-0.2772595538213193
mol_G_4,0.1836066417463443,0.47744335650567227,-0.17846279755691524,-0.147777258376431,-0.23847648725772974,0.20550805304731334,0.4585656566025128,0.6218799504827776,0.15685802181064407,0.09027153329662085,-0.06736281131027057,0.011976338308902287,0.40503100370404393,0.4041248424025846,-0.13438914994372575,-0.17490087005785596,0.29727817685047914,1.0,0.15442305028601747,0.003981598911470824,-0.046427338262649234,0.011084074924319476,-0.05533142618239259,-0.13712382632483472,-0.2897544946119132,0.41222846726670764,0.3441704397249048,0.3611602307750318,0.35318442568833924,0.3084662907239224,0.24312358039118728,0.3088945055586035,0.005887510778292736,-0.13712382632483472,-0.2922823657640834,0.24414361952233157,0.08014049835258553,0.09879815607900393,0.5793756375167675,0.5306518045243312,0.20869409619248883,,0.017180108089403814,-0.09816046421702045,-0.09816046421702045,0.032334991292920764,-0.09816046421702056,-0.1728765721430569,-0.029222286987521297,-0.09816046421702047,-0.10350864048843687,0.31097894966232525,-0.1399719115695908,-0.06704536940728298,0.06731048607250668,0.29692562505337894,-0.0981604642170205,-0.09816046421702052,0.00588117275502483,0.03728710379556131,-0.1399719115695907,-0.13997191156959074,-0.10876195105486391,0.22466079924194834,0.18929000842965138,-0.022759660758329605,-0.2013341845091284,0.12992893642843353,-0.1535003099345941,0.14487887786140474,-0.06893290555081899,-0.00886518818722551,0.07774925750341394,-0.33918729976035056,0.14817754519554732,0.2639334531829113,-0.18557473263763208
mol_G_5,-0.22920150368939168,0.07605906767117779,-0.35516309452962536,-0.1479502300178578,-0.3657406003287385,-0.22174079122195686,-0.08418520675379217,0.47357957823278307,0.8364956633192132,0.47910491354045504,0.31806482692570537,0.39551440658498177,0.2499956002523565,0.24804314819937248,-0.11462766162473188,-0.37423887639887327,-0.18995875114565794,0.15442305028601747,1.0,0.40964022540537903,0.27215274052493355,0.2988540043426539,-0.05520973259667051,-0.11799216039780981,-0.24686230509105073,0.36822202409962107,0.30381024609285984,0.34704589371503575,-0.07963800595488564,0.2577472291309357,0.06645043973641757,0.11209903019603602,0.042199185248078995,-0.11799216039780981,-0.2550289038429359,0.27667326349282284,0.3988207825238108,0.3771894977986068,0.21062661399721466,0.049230592483952826,0.006163965723935374,,0.03914076412311426,-0.07876178425028531,-0.07876178425028531,0.03385095875640081,-0.07876178425028534,-0.11378432184940762,0.20309934889429024,-0.07876178425028534,0.008789506774552008,-0.036298909263175,-0.08203539656248535,-0.05176042878347292,0.33491992968394546,-0.052678074206935585,-0.07876178425028534,-0.07876178425028534,-0.0820353965624853,-0.06392829390125736,-0.02148546100446042,-0.1123103643414977,-0.16254647592071697,0.03906447455356436,0.18109157738973264,-0.08885630787533257,-0.13977249022906907,0.11836036192259436,-0.16226089471943936,0.16015487854561006,-0.08801251606107419,-0.16874966035646402,0.2033997368442794,-0.24368154368294292,-0.24071055648832995,0.42259848803428873,0.12431472784678214
mol_G_6,-0.20735653610311236,0.1130095308045361,-0.3593223241847237,-0.1813224493908612,-0.3179147914696113,-0.26467909067717627,-0.1385503373152458,0.18234244363911548,0.6069835814323044,0.5983203947735098,0.41843242467205755,0.17857499854410883,0.05997787719331325,0.05883109324925387,-0.13605301277755175,-0.34019895261603145,-0.20906136674956133,0.003981598911470824,0.40964022540537903,1.0,0.4920193346792191,0.069101065737859,-0.10805017005248112,-0.15597753280292465,-0.27233568391113505,0.2273783944336048,0.4526876965370603,0.11640782631838589,-0.09602723984501156,-0.01751174983015991,-0.027704304836293582,-0.07675784525104104,-0.0430977542123104,-0.15597753280292465,-0.2758738619862381,0.2979810261556139,0.24655947095342562,0.27322623918573524,0.04480500390134091,-0.02267092040328858,-0.05848696925458564,,-0.046860876435691846,-0.0584869692545856,-0.0584869692545856,-0.10407917074870128,-0.05848696925458567,-0.10300508295697243,-0.03560558261347342,-0.05848696925458562,-0.08339949239010153,-0.05848696925458562,-0.08339949239010153,-0.007358778740303076,0.2100495809318656,0.1534794992130883,-0.05848696925458566,-0.05848696925458566,-0.08339949239010154,0.08482771537633027,0.22076336220909237,0.22076336220909235,-0.13529184177106496,0.0686819349094954,0.018853562463117708,-0.10300508295697246,-0.11996098789068957,-0.01974567539363755,-0.1602980871584417,0.2652431225050415,-0.4065041629368905,-0.07805839265261474,0.4755465996387339,-0.21214621572672956,-0.3493159896852987,0.23529696962797497,0.5321230842504029
mol_G_7,-0.24362263216493382,-0.043822168078146026,-0.27030226228668325,-0.12920023546343895,-0.25768280939514865,-0.21918853267819435,-0.23319689949798195,0.1621046012725731,0.32480457284638214,0.23851612377168563,0.9552391089377044,0.4595933389626121,0.035822921641898056,0.03497112038669408,-0.11423455904039723,-0.2627364548618747,-0.29658051826096765,-0.046427338262649234,0.27215274052493355,0.4920193346792191,1.0,0.2581856151492774,-0.06661809294677619,-0.09777039563233327,-0.20838258109580832,0.11394969295411052,0.39085521509283294,0.053055684298443796,-0.23585988270560948,0.0018350236333796832,0.0352961617081922,-0.14398536282463364,0.06978046644894301,-0.09777039563233327,-0.21109268292337127,0.21109020719900937,0.36398232489840066,0.5440775082474489,-0.17382113310198805,-0.14642062770302247,-0.04467098039546696,,0.06582950454613934,-0.04467098039546686,-0.04467098039546686,0.12995349237042153,-0.04467098039546702,-0.07867287534382898,-0.010423437346715705,-0.04467098039546692,-0.06369858341151813,-0.04467098039546692,-0.06369858341151814,-0.06369858341151816,0.2577214881953019,-0.04265227209132268,-0.04467098039546697,-0.04467098039546697,-0.06369858341151817,0.25772148819530183,-0.06369858341151817,0.07248459491655528,-0.10333274725032904,0.2086677732446285,-0.12028890703781141,-0.07867287534382894,-0.09162339930728566,-0.14046975068095943,-0.10656823437739549,0.28863602783269476,-0.0828354122981721,-0.12446810478725222,0.16871138792298562,-0.1620323221476932,-0.08421519210665189,0.07054258255296933,0.2520310155062726
mol_G_8,-0.2171546575740599,-0.0015895516627640208,-0.2731594900205646,-0.12498120383614296,-0.2650348491043185,-0.21746437433650256,-0.1813064099884936,0.04676256004516975,0.13700789887231404,0.49682028264273714,0.32083918085109897,0.8896225434780494,-0.06658976711177934,-0.0671840467841816,-0.1490914282306141,-0.2576405405595185,-0.308926171008739,0.011084074924319476,0.2988540043426539,0.069101065737859,0.2581856151492774,1.0,-0.10471577839427229,-0.13315901163122673,-0.2068537085968023,0.3110909657115287,0.03949575359082744,-0.10335573123407711,-0.10769250747760312,-0.006780186267149385,-0.14239382578997298,-0.07001814687730298,0.012496951586876514,-0.13315901163122673,-0.20955379481939487,0.14994358307273692,-0.09986226935111565,0.2699988610200952,-0.03239074161739093,-0.015916372463018587,-0.044056497862382034,,0.009190887850245674,-0.04405649786238194,-0.04405649786238194,0.3161561450026358,-0.044056497862382096,-0.07759067147683575,-0.1227559535060211,-0.04405649786238199,-0.06282236205836864,-0.04405649786238201,-0.06282236205836865,-0.06282236205836866,0.006806199252354043,-0.09036305135884665,-0.044056497862382055,-0.04405649786238206,-0.06282236205836869,0.006806199252354039,0.24467656801680457,-0.06282236205836868,-0.035400777275020605,0.24467656801680446,-0.0031767249012888384,-0.07759067147683572,-0.09036305135884659,-0.031052384352230893,0.23506340283741545,-0.10891838331817183,0.14108549346367344,-0.06553137367614657,-0.10378363390605573,-0.15980344714039557,-0.12677082826625086,0.2039949905662091,0.1323903857198533
mol_G_9,0.14571815830389237,0.06943127049877389,0.12450907444478822,0.7880237726174706,0.12177593148128123,0.17116888380552123,0.2449757901630731,-0.1018148124747765,-0.13257860233327529,-0.1809272261325973,-0.038147993346257195,-0.11028907941490909,0.31110010603720917,0.3100192582339041,-0.00023316437951668872,0.07096704500077743,0.22492110160800094,-0.05533142618239259,-0.05520973259667051,-0.10805017005248112,-0.06661809294677619,-0.10471577839427229,1.0,-3.72234135857375e-17,0.07702270884944844,-0.003782847284693567,-0.145352702065664,0.04641588790585378,-0.1280774579889011,-0.18150719269683205,0.32712161796413136,0.32652376339983735,0.9350645419823304,-3.72234135857375e-17,0.06639295054289866,0.013146150932832359,0.025434181806868555,-0.08571240667622204,0.07140773314013033,0.0712438745970614,0.2797341792568318,,0.9292576297777837,-0.09404856026738309,-0.09404856026738309,0.046237605701599294,-0.09404856026738305,0.053795930705591924,-0.1430238174844943,-0.019292012362540086,0.025790104275448162,-0.09404856026738306,0.3988869461269322,-0.027509444560478033,0.2732267006889267,-0.03956930733298777,-0.09404856026738306,-0.01929201236254009,-0.027509444560478033,-0.12174868528107621,-0.1341085422323305,-0.13410854223233049,0.12830035924466185,-0.08080899339640428,0.061945826761022976,-0.07786253128440919,0.30542559097649946,0.09303839444149217,-0.05039105653938914,-0.14713379562158857,-0.10411003765811407,0.2735690468663146,-0.0723795664413242,0.003975951112611282,0.20717872079040958,-0.08137403440427192,-0.24043554964831648
mol_D_0,0.25800688225420054,-0.18681499109855276,0.48682345754891143,0.5648138462991172,0.441378474674529,0.24515530829024346,-0.2146681579923148,-0.13575510164056293,-0.12885808279767666,-0.12303673712441848,-0.09670474641917949,-0.14387825624270908,0.2757341894692362,0.2742202110946799,0.972526522426165,0.46181240816973723,-0.06730988856595313,-0.13712382632483472,-0.11799216039780981,-0.15597753280292465,-0.09777039563233327,-0.13315901163122673,-3.72234135857375e-17,1.0,0.5163812934400872,-0.1718136683905675,-0.10398431128089307,-0.19073916207507843,0.005599097801556218,-0.016098058527638102,0.07136501928252402,-0.162007181965236,-0.050521331701983314,1.0,0.5320222414114946,-0.1397124432237513,-0.06364876570071253,-0.09172456758200406,-0.14419627474968838,-0.002720874227646586,-0.049548527977056146,,-0.05356244862232473,0.04954852797705608,0.44593675179350406,-4.1017984249990725e-18,-0.04954852797705615,-0.0872630314020312,0.019722651892649972,-0.04954852797705613,-0.07065372226719091,-0.04954852797705614,0.1413074445343818,9.805173654563306e-19,-0.08726303140203115,-0.10162760082137613,-0.049548527977056146,-0.049548527977056146,-0.07065372226719088,-0.08726303140203115,-0.07065372226719087,0.4239223336031456,-0.11461547234361899,-0.07065372226719087,0.06788190063661585,-0.08726303140203115,0.050813800410688004,0.03159730517056586,-0.2098728285150461,0.17708663497625268,-0.0625474645487783,0.25639447460444986,-0.10436246420529845,0.6045273690064761,-0.26215206019559834,-0.14928323496630835,-0.1266710253145695
mol_D_1,0.6115226958829655,0.03310165773766416,0.7446198038482399,0.3312414212034464,0.7982488157559463,0.45771895899317305,-0.03752881972825393,-0.30121180839753936,-0.25111696935205385,-0.24173768928876174,-0.2073608171695202,-0.2205583704010939,0.45013690876338025,0.4511639205098125,0.5100584951548878,0.830223786594324,0.24513439897021402,-0.2897544946119132,-0.24686230509105073,-0.27233568391113505,-0.20838258109580832,-0.2068537085968023,0.07702270884944844,0.5163812934400872,1.0,-0.23673452849246224,-0.017459199117071115,-0.1130311402952409,-0.0564191419720182,-0.16508578782604638,0.07391611247093534,-0.08911484133921127,0.030201512328258566,0.5163812934400872,0.9972637373214476,-0.10294825307377668,0.09065020723686888,-0.1470832150377182,-0.2233388008759656,0.013632499210539318,-0.04810283607515259,,0.031359170703783044,-0.08238301810572075,-0.013822654044584066,-0.006125196937081872,0.2604188021999639,0.09640202651956811,0.17980759788742276,0.26041880219996355,-0.11747406266983088,-0.08238301810572084,0.053612323903010115,-0.06859223793473365,-0.12496558993277355,-0.0986623825693751,0.05473771001655287,-0.04810283607515259,-0.04415132556718489,-0.024343946090800025,-0.11747406266983096,0.17581688574075402,-0.11127130316311878,-0.09303315030228232,0.011362291475015336,0.036029040214384085,0.12984876786429228,0.001762952951159822,-0.07603518221382852,-0.012985726460464727,0.06658536083006883,0.11158194875021187,-0.1432419121310961,0.6280932743996558,-0.10795837927188259,-0.2958521109075807,-0.21061254083658534
