,suma_dientes,numero_de_caries,numero_de_dientes_caries_no_obs,porcentaje_dientes_con_caries,car_P_1,car_P_2,car_P_3,car_P_4,numero_de_caries_localizadas,numero_de_dientes_caries_no_loc,porcentaje_dientes_con_caries_localizadas,car_L_1,car_L_2,car_L_3,car_L_4,car_L_5,car_L_6,car_L_7,car_L_8,numero_de_calculos,numero_de_dientes_no_obs,porcentaje_dientes_con_calculo,cal_G_1,cal_G_2,cal_G_3,cal_V,cal_L,numero_de_abscesos,numero_de_dientes_abs_no_obs,porcentaje_dientes_con_abscesos,abs_G_1,abs_G_2,abs_G_3,abs_V,abs_L,Periodo_2.0,Periodo_3.0,Periodo_4.0,Periodo_4.1,Periodo_4.2,Sexo_F,Sexo_I,Sexo_M,Rango Edad_16-20,Rango Edad_20-35,Rango Edad_35-50,Rango Edad_>50
suma_dientes,1.0,0.5472639606847358,0.07877841259135544,-0.31688375204316305,0.5495226170763751,0.23582018939021018,-0.03847884113555189,0.008641782202240099,0.5638545914174756,0.07877841259135544,-0.28756261441531106,0.4967746769795099,0.32839995793941706,0.10875784152885419,0.09953549440173041,0.16638231414955007,0.13711235727579418,0.19891610660138104,-0.1245816668495487,0.5578720536163372,0.1463520317995553,0.1355123439532628,0.4838292702284029,0.34789602903307176,0.30115807551557033,0.5046168557086229,0.3546754795620386,0.011702829743622228,0.0967339035753199,-0.264348860337283,0.015607558385645143,0.09717637934172951,-0.1145026465015554,0.03958770135444262,-0.1644476360780437,-0.0034063522491280755,-0.024790686944305234,0.20320892704611473,-0.24296070333582453,0.0703613095050091,-0.14457139130966776,0.2208225482116816,0.0055794831497790074,0.13821853114881805,-0.0053203646966426,0.05641755102542259,-0.24959399328137527
numero_de_caries,0.5472639606847358,1.0,-0.0382220064097946,0.47346624326476505,0.8118457080705668,0.26277250457105883,0.36457529077275996,0.2928016232681975,0.9594910054758647,-0.0382220064097946,0.48134174919213013,0.6994095592959676,0.22585512606331398,0.15720648869064435,0.30047345118153485,0.22161762847916947,0.38753436608632486,0.08340509928018881,0.2622658059217487,0.15785253748103711,0.10879471430675625,-0.11860537797260554,0.32660929357990826,0.08515081046846584,-0.15119351877959814,0.2553113847409571,-0.07971043296656262,0.2849500987761483,-0.11562658877174058,-0.06727491662225775,0.1464958959775705,0.3857820979694681,0.0757394652239858,0.2949315599303074,-0.04817774532155857,0.014137612311405534,0.02222433752851365,0.13800954200291404,0.054262391575869554,-0.17521515851907346,-0.03020256776834443,0.06706058337071866,-0.012631038168568193,0.22523332402279467,0.1035821524413509,-0.25346518053405015,-0.10871892083098862
numero_de_dientes_caries_no_obs,0.07877841259135544,-0.0382220064097946,1.0,-0.006491205766185673,-0.03493326891698023,0.18192483714185595,-0.14980922882048298,-0.030049717066812323,-0.058285444981034884,1.0,-0.01994915811455997,0.09101509547253508,0.0010275891436796786,0.09862000951952102,-0.11266257052862753,-0.07862622117298079,-0.05244527333235281,-0.10789791190813063,-0.20314204239506578,-0.2131744840370929,0.11351385458145903,-0.27905733217294315,-0.08657185027046185,-0.21722106326726257,-0.17673877010789169,-0.15321478126096766,-0.1960880162630381,-0.15620474297831421,-0.07862622117298078,-0.13971310618264757,-0.020090901713967862,-0.17170841220117583,-0.1817750420703918,-0.14391382332578834,-0.07862622117298085,-0.138435747671697,0.3366252352790273,-0.05299575903686329,0.061208087312418016,-0.11914652116716751,-0.11017916453387892,0.20601048104984207,-0.020613891207602885,0.06699910313164499,0.07515741729770228,-0.038932321452190444,-0.1595094042208848
porcentaje_dientes_con_caries,-0.31688375204316305,0.47346624326476505,-0.006491205766185673,1.0,0.2333430718901097,0.09683314004245658,0.44009799423970186,0.338467833001434,0.4271709555660987,-0.006491205766185673,0.985281205713793,0.20108952547460465,-0.1477541516870829,0.041467262370662186,0.13934604747497725,0.025973655332297025,0.26761455469614087,-0.07922898849773928,0.4806374250727155,-0.3401199701470128,0.020404081580628893,-0.3766703172125257,-0.2235690692055826,-0.23726031523909008,-0.2567494444085249,-0.2120941898870975,-0.368379765441754,0.26827057889578915,-0.16024826033493217,0.032840011607927336,0.21279867268493585,0.2630448284828435,0.08695595722940705,0.24198619877668426,0.165640092082719,-0.08080461488605979,0.08241655212950848,-0.16034847927048676,0.23229755862477539,-0.0869626506732882,0.09553550845308295,-0.003568426786046588,-0.09753250967165002,0.13609515294810937,0.0025117007457434773,-0.2396780321489099,0.15916734876427235
car_P_1,0.5495226170763751,0.8118457080705668,-0.03493326891698023,0.2333430718901097,1.0,-0.08742135131243843,-0.05132332064626182,-0.15011208314589997,0.7478569036930223,-0.03493326891698023,0.22122993060337764,0.8853397925154918,0.2986634384641911,0.24836178321095265,0.2372938713865915,0.19743716907138836,-0.0041679930035917615,-0.060307628356277884,-0.20600653916786252,0.11522946377568662,-0.0932142955281015,-0.18120276432441967,0.2963752971615816,0.048385068333453934,-0.1749549083847355,0.1801835568765621,-0.04995484452806474,-0.06352625355528349,-0.10501977078265334,-0.171698541801612,-0.02867521278493935,-0.009173925859236187,-0.12042581459281294,-0.04617539506509135,-0.1050197707826533,0.08135881032503778,0.13349425934936113,0.10429075074004152,0.050861829908684944,-0.22916459451354107,-0.013694046459937341,0.1286395741743717,-0.07048612039339167,0.39139504500381495,0.08611621204177572,-0.30561890141167153,-0.21999811543171116
car_P_2,0.23582018939021018,0.26277250457105883,0.18192483714185595,0.09683314004245658,-0.08742135131243843,1.0,-0.043492733879618946,0.26810710880148314,0.29086621450226385,0.18192483714185595,0.12250323163717755,0.012074140659239578,-0.030321880037313752,-0.04468762418987318,0.29084828134087676,0.03504103952064982,0.3837490557769812,0.20753094765470717,0.040501836579152954,0.18781614804462005,0.15532402617541058,0.03038708014658317,0.20895077818421565,0.07407373073314018,0.07529839501873097,0.23541875420983585,0.019070939761619755,0.34025569069231293,0.0350410395206498,0.07666944488195812,0.328464307461696,0.33026412535894345,0.02728790563450938,0.3365201167607544,0.03504103952064986,-0.00649432805770775,-0.10681731745847028,0.20780058992050585,-0.09399276457138635,-0.025152424412309762,-0.08000679454388339,-0.04107373706938793,0.11072646594040103,-0.06436163617862221,-0.03919063630598998,0.11255199704814309,-0.009422961532580109
car_P_3,-0.03847884113555189,0.36457529077275996,-0.14980922882048298,0.44009799423970186,-0.05132332064626182,-0.043492733879618946,1.0,0.29588475666840885,0.3314261110096236,-0.14980922882048298,0.43112287972013247,-0.09175160984107868,0.07229078138129108,-0.05774186067964469,0.07698687947429834,-0.045827223444172956,0.2799617498196231,-0.06288820249030067,0.8524632646685742,-0.05402789456634358,0.1717931889351532,0.03376394187330317,0.023919187386960382,-0.13082288021310293,-0.04489809567800417,-0.0028519570857110203,-0.10425453126257578,0.20097578304077432,-0.04582722344417298,0.021517741775852976,-0.0696742875139725,0.39031237489990017,0.16104008210994242,0.1937446682200949,0.05040994578859019,-0.08068715304598792,-0.09395575350035378,-0.05251050315105037,0.07871288824989896,0.0520833333333333,0.09193289141911523,-0.0510310363079828,-0.062476898908839354,-0.13428001535340242,0.13862735091862294,-0.1350154312168303,0.12878054909248293
car_P_4,0.008641782202240099,0.2928016232681975,-0.030049717066812323,0.338467833001434,-0.15011208314589997,0.26810710880148314,0.29588475666840885,1.0,0.37449898745888965,-0.030049717066812323,0.3970935497921417,-0.25153927370655066,-0.2328258732349017,-0.12695917902975665,-0.09214848934002487,0.20958500682489845,0.7412812874653886,0.4037619265703657,0.5527857683314548,0.07946568944200626,0.35342136371600824,0.09126471628568923,-0.02770148002941847,0.27053650522575634,-0.005112942195486251,0.1111482325436861,-0.016931637249650057,0.7032192777743047,-0.06549531463278088,0.22874728771566422,0.41253346232677346,0.657949002844217,0.48453712851217395,0.6955623760104143,0.07204484609605882,-0.11531640100361075,-0.13427960881291667,0.012507819831856523,0.03503937104159674,0.07443641677192657,-0.1100379327332026,-0.07293249574894722,0.16312721211714862,-0.23719238843725463,-0.04257195451130747,0.13782946160499288,0.18405048238781987
numero_de_caries_localizadas,0.5638545914174756,0.9594910054758647,-0.058285444981034884,0.4271709555660987,0.7478569036930223,0.29086621450226385,0.3314261110096236,0.37449898745888965,1.0,-0.058285444981034884,0.4830114815925737,0.6464165092557231,0.19715238599509982,0.13966662173606365,0.2713863033877037,0.20477593367006264,0.3857140589868279,0.34489994834077525,0.31547286313706224,0.22183659550510393,0.14177428671769415,-0.05557921140934423,0.3555885402453728,0.18841903191383008,-0.13197323701530264,0.33373461571616697,-0.06940761722242132,0.3517255436058569,-0.11376440759447917,-0.053346196163209354,0.12848744831739906,0.4587954352422223,0.19357580506498515,0.36245451493210207,-0.050056339341570874,0.0053414109063763295,0.011662086237978037,0.20422346822225898,0.029470445782588454,-0.1965283571136388,-0.06732491285071653,0.050673073149040834,0.036984578264296214,0.19626168673807542,0.06143278010101872,-0.1723735924968172,-0.11431446926231137
numero_de_dientes_caries_no_loc,0.07877841259135544,-0.0382220064097946,1.0,-0.006491205766185673,-0.03493326891698023,0.18192483714185595,-0.14980922882048298,-0.030049717066812323,-0.058285444981034884,1.0,-0.01994915811455997,0.09101509547253508,0.0010275891436796786,0.09862000951952102,-0.11266257052862753,-0.07862622117298079,-0.05244527333235281,-0.10789791190813063,-0.20314204239506578,-0.2131744840370929,0.11351385458145903,-0.27905733217294315,-0.08657185027046185,-0.21722106326726257,-0.17673877010789169,-0.15321478126096766,-0.1960880162630381,-0.15620474297831421,-0.07862622117298078,-0.13971310618264757,-0.020090901713967862,-0.17170841220117583,-0.1817750420703918,-0.14391382332578834,-0.07862622117298085,-0.138435747671697,0.3366252352790273,-0.05299575903686329,0.061208087312418016,-0.11914652116716751,-0.11017916453387892,0.20601048104984207,-0.020613891207602885,0.06699910313164499,0.07515741729770228,-0.038932321452190444,-0.1595094042208848
porcentaje_dientes_con_caries_localizadas,-0.28756261441531106,0.48134174919213013,-0.01994915811455997,0.985281205713793,0.22122993060337764,0.12250323163717755,0.43112287972013247,0.3970935497921417,0.4830114815925737,-0.01994915811455997,1.0,0.1919498467280338,-0.15720357071190247,0.03600353385043859,0.1314452403617401,0.023143368118466238,0.2788821204815616,0.0826190857691242,0.5205666600005104,-0.295070500515233,0.044049506189425505,-0.3414228342005473,-0.19439406698307252,-0.1710602653726624,-0.24951382757042506,-0.1553171882316531,-0.3638681820915601,0.317746852244423,-0.1626039915453131,0.0389505150682657,0.20625289277224274,0.3197202403871514,0.16086166998787463,0.29231975854903713,0.16245388786630077,-0.08546539362837512,0.07653952709215887,-0.11507113690227325,0.21847452254077987,-0.10558967336803804,0.0717258453001392,-0.011254255331191901,-0.06757210620954682,0.12573811056980824,-0.019607480823931687,-0.19834955155672673,0.15170039208803
car_L_1,0.4967746769795099,0.6994095592959676,0.09101509547253508,0.20108952547460465,0.8853397925154918,0.012074140659239578,-0.09175160984107868,-0.25153927370655066,0.6464165092557231,0.09101509547253508,0.1919498467280338,1.0,0.21633008559155048,0.17731801264120894,0.13059463738544075,-0.05034154805950901,-0.2867253007153758,-0.09357981696347506,-0.26181944922254746,-0.0716121410980013,-0.12322379332659991,-0.35573145060794514,0.12883567658990772,-0.17251285465987878,-0.1866008179674658,0.022541570299456193,-0.1791824120917368,-0.20424789117098635,-0.08901859108083902,-0.20393796744576614,-0.21734580865079528,-0.06770617209774103,-0.1521508383193306,-0.18396814846463963,-0.12769563410216908,0.13835776268740368,0.1346778970346571,0.10317316900874311,0.07485021956777352,-0.2749059640865778,0.05572866915627758,0.15210853094959245,-0.15854097348622306,0.4671006696561098,0.0807306532905539,-0.3165269007065113,-0.29328399450920006
car_L_2,0.32839995793941706,0.22585512606331398,0.0010275891436796786,-0.1477541516870829,0.2986634384641911,-0.030321880037313752,0.07229078138129108,-0.2328258732349017,0.19715238599509982,0.0010275891436796786,-0.15720357071190247,0.21633008559155048,1.0,-0.1111432752776878,0.08051861530729826,-0.057336254371366115,-0.10412645439253741,-0.0786819210056318,-0.15472719403022073,0.06330686419744969,-0.15361267398133738,-0.06611292411207162,0.26153214281270354,-0.09642750693890238,-0.1278457177330391,0.015525085602563557,0.10746227919381798,-0.13547885904754767,-0.05733625437136616,-0.11213530525575054,-0.12453180108766548,-0.04304237170372275,-0.13255501657117985,-0.1266548507505822,-0.05733625437136604,-0.1009508930250138,-0.11755176459495131,-0.07527892432884445,0.04338806272655422,0.12218160233457631,-0.1491677059855301,0.1995217211169053,0.024427288376247545,0.015337356705515419,0.275034845187646,-0.24131879096270437,-0.1464749506340878
car_L_3,0.10875784152885419,0.15720648869064435,0.09862000951952102,0.041467262370662186,0.24836178321095265,-0.04468762418987318,-0.05774186067964469,-0.12695917902975665,0.13966662173606365,0.09862000951952102,0.03600353385043859,0.17731801264120894,-0.1111432752776878,1.0,0.12146106811888573,-0.03126526997403619,-0.14402683860385732,-0.04290499142799615,-0.08437222742781468,-0.03448569007649186,-0.09986040365543306,-0.10815320176396516,0.08722053762861531,-0.13814796956745795,-0.07932429010370809,-0.008231916591482612,-0.056578176450726145,-0.09456150270769186,-0.031265269974036204,-0.06489589021653473,-0.06790677947220902,-0.06827887419989198,-0.07228181235327602,-0.08988294847081897,-0.031265269974036156,-0.05504818825631799,0.4406915469441433,-0.014927035850663375,-0.14965925284829312,-0.04737793696791327,-0.019600158307197885,-0.08703882797784898,0.077871468448551,0.21101526545421986,-0.16805082611044425,0.0657951694959769,-0.07987230638308723
car_L_4,0.09953549440173041,0.30047345118153485,-0.11266257052862753,0.13934604747497725,0.2372938713865915,0.29084828134087676,0.07698687947429834,-0.09214848934002487,0.2713863033877037,-0.11266257052862753,0.1314452403617401,0.13059463738544075,0.08051861530729826,0.12146106811888573,1.0,-0.04403062470066965,0.11473800114254916,-0.060422749489141045,-0.118820719735307,0.24852520478040832,-0.0768639672836259,0.1353487463758006,0.436464971613313,0.0702878231404755,-0.08672533551167773,0.4004023466790299,-0.1085730161549687,0.04609737450237202,-0.04403062470066964,-0.05078069413288129,-0.0956325636738454,0.2145031436673542,-0.0031321195937504963,0.05384006237101617,-0.04403062470066969,-0.07752391454091308,-0.09027233617769456,0.23932309081170086,-0.03051785051875735,-0.08468556742172807,0.1061643964711077,-0.1225760715407661,-0.030191381636598194,-0.08920707760455333,0.1278581601884831,0.0071276000436072484,-0.1124835176299813
car_L_5,0.16638231414955007,0.22161762847916947,-0.07862622117298079,0.025973655332297025,0.19743716907138836,0.03504103952064982,-0.045827223444172956,0.20958500682489845,0.20477593367006264,-0.07862622117298079,0.023143368118466238,-0.05034154805950901,-0.057336254371366115,-0.03126526997403619,-0.04403062470066965,1.0,0.5018116261285968,-0.022133696313795085,0.051030116655862934,0.27618824616382975,0.08134054882113957,0.20007463256452493,0.07547559345333107,0.6350001301103697,-0.0012591253293001473,0.3038289382183299,0.05837475472523,0.12195525009139435,-0.016129032258064547,0.0013329903277462074,0.2802523407111046,-0.035223497683817384,-0.037288521227723526,0.12546781878540705,-0.016129032258064533,-0.028398091712353274,-0.03306801645716234,-0.06160411036336974,-0.07720575958283815,0.14664711502135325,-0.137513271682283,-0.04490132550669372,0.17337430901489714,-0.05841156281058732,-0.1290322580645161,0.23759548165574562,-0.0412042821715165
car_L_6,0.13711235727579418,0.38753436608632486,-0.05244527333235281,0.26761455469614087,-0.0041679930035917615,0.3837490557769812,0.2799617498196231,0.7412812874653886,0.3857140589868279,-0.05244527333235281,0.2788821204815616,-0.2867253007153758,-0.10412645439253741,-0.14402683860385732,0.11473800114254916,0.5018116261285968,1.0,0.15650148359185206,0.3825033255873485,0.3230178364915268,0.37066873807134587,0.2981411934769891,0.22887644351915634,0.42608159920815597,0.06447252811017605,0.2964498312313279,0.18380414712149734,0.6223015544184335,-0.0022861577500163923,0.1777531806209701,0.5536458040574487,0.5192346928264794,0.22779821395500763,0.6023374326757942,0.14174178050101593,-0.08855431380708208,-0.15233138473394,0.014189298969763321,0.009333975676998178,0.09353710434808754,-0.10978230877652423,-0.06364393824174454,0.15673661513742965,-0.2690791647251359,0.035721214844006005,0.14192537070885927,0.08614543270904089
car_L_7,0.19891610660138104,0.08340509928018881,-0.10789791190813063,-0.07922898849773928,-0.060307628356277884,0.20753094765470717,-0.06288820249030067,0.4037619265703657,0.34489994834077525,-0.10789791190813063,0.0826190857691242,-0.09357981696347506,-0.0786819210056318,-0.04290499142799615,-0.060422749489141045,-0.022133696313795085,0.15650148359185206,1.0,0.23971149265152916,0.303368200355164,0.15970640237408745,0.22072591613503145,0.19044808303139665,0.41342865434588083,0.08200803552888944,0.3604578806502532,0.06426169447354728,0.36561257557786303,-0.022133696313795075,0.043209607867760735,0.15161612836295008,0.30303470714316005,0.395194741815288,0.3717089709852177,-0.02213369631379507,-0.03897039374685668,-0.045378880905669265,0.35928927766735397,-0.10594862784950929,-0.15093168597672152,-0.18870797366098657,-0.06161760277682525,0.237919686869687,-0.08015755513274968,-0.15025374613018566,0.19706300952152378,0.08046673226683604
car_L_8,-0.1245816668495487,0.2622658059217487,-0.20314204239506578,0.4806374250727155,-0.20600653916786252,0.040501836579152954,0.8524632646685742,0.5527857683314548,0.31547286313706224,-0.20314204239506578,0.5205666600005104,-0.26181944922254746,-0.15472719403022073,-0.08437222742781468,-0.118820719735307,0.051030116655862934,0.3825033255873485,0.23971149265152916,1.0,-0.01039425389211686,0.2142066096467222,0.09889733488244583,-0.06294024703543936,0.047093073880889305,0.022437634664198906,0.018716793999671164,-0.051992555618592,0.4562111420159087,-0.04352568773588311,0.1567767324367077,0.14017386580545524,0.5244351536076629,0.38029888174026943,0.4505180620721344,0.05103011665586293,-0.07663488127434512,-0.0892371058182883,-0.045860523806129774,0.03127316469872106,0.08528897095233351,0.008279949961334266,-0.08356578380810946,0.046432517103868885,-0.15762901346962963,-0.04089913761389004,-0.04106036667022569,0.331663587205346
numero_de_calculos,0.5578720536163372,0.15785253748103711,-0.2131744840370929,-0.3401199701470128,0.11522946377568662,0.18781614804462005,-0.05402789456634358,0.07946568944200626,0.22183659550510393,-0.2131744840370929,-0.295070500515233,-0.0716121410980013,0.06330686419744969,-0.03448569007649186,0.24852520478040832,0.27618824616382975,0.3230178364915268,0.303368200355164,-0.01039425389211686,1.0,-0.06677437840619684,0.7629310560325671,0.7562033114259017,0.7067924903428299,0.6189693770282981,0.8800196900591853,0.6744104339470031,0.20243708966588986,-0.03616403645650993,-0.06598312953760861,0.12668819833123296,0.2286513818582236,0.07780864855082018,0.22228439604829128,-0.10965869119070745,0.03337716277937775,-0.04589162455991186,0.29463359800609545,-0.34900898802578595,0.0875053016289246,-0.0917817483502484,-0.04952630176337551,0.12860971642865537,-0.23985317825616195,-0.08720199113303587,0.3504476470104098,-0.0376253573560298
numero_de_dientes_no_obs,0.1463520317995553,0.10879471430675625,0.11351385458145903,0.020404081580628893,-0.0932142955281015,0.15532402617541058,0.1717931889351532,0.35342136371600824,0.14177428671769415,0.11351385458145903,0.044049506189425505,-0.12322379332659991,-0.15361267398133738,-0.09986040365543306,-0.0768639672836259,0.08134054882113957,0.37066873807134587,0.15970640237408745,0.2142066096467222,-0.06677437840619684,1.0,0.05255860633438252,-0.05099493142505446,0.07955466310973376,-0.14033306867728818,-0.029009447653929404,-0.09462553211966011,0.22687929461546025,0.6507243905691156,0.0019508423035505006,0.07066722552573582,0.28125718247301396,0.16172322742380785,0.23384184318094994,-0.03253621952845582,-0.09070271594630704,-0.037522299968376166,0.02071177020592414,0.14887196583636816,-0.09244476534627076,-0.06323043643684162,0.06793275134690642,0.021325522187779708,-0.13657622508123732,0.1667481250833358,-0.06846977750106757,-0.010389894669397957
porcentaje_dientes_con_calculo,0.1355123439532628,-0.11860537797260554,-0.27905733217294315,-0.3766703172125257,-0.18120276432441967,0.03038708014658317,0.03376394187330317,0.09126471628568923,-0.05557921140934423,-0.27905733217294315,-0.3414228342005473,-0.35573145060794514,-0.06611292411207162,-0.10815320176396516,0.1353487463758006,0.20007463256452493,0.2981411934769891,0.22072591613503145,0.09889733488244583,0.7629310560325671,0.05255860633438252,1.0,0.5760381495344232,0.596824327955013,0.4281146458587233,0.6337635210319192,0.5729830534162781,0.3094887679782561,0.047079248449978996,0.2544378576736357,0.13390158088859597,0.25595268137780314,0.32696204634512693,0.3380165392436534,-0.15691459703608218,0.1122175958812624,-0.057304714377092954,0.23580752126919316,-0.2237868967828827,-0.006438918046081087,-0.09859253974609537,-0.17055422279613885,0.21551633280058563,-0.4210191786492721,-0.05544158361354828,0.31532371607578125,0.19232273680726827
cal_G_1,0.4838292702284029,0.32660929357990826,-0.08657185027046185,-0.2235690692055826,0.2963752971615816,0.20895077818421565,0.023919187386960382,-0.02770148002941847,0.3555885402453728,-0.08657185027046185,-0.19439406698307252,0.12883567658990772,0.26153214281270354,0.08722053762861531,0.436464971613313,0.07547559345333107,0.22887644351915634,0.19044808303139665,-0.06294024703543936,0.7562033114259017,-0.05099493142505446,0.5760381495344232,1.0,0.33046811233316786,0.07132792289794783,0.7815460802300755,0.3358264903737625,0.1565733694958624,-0.04644651904820372,-0.06354985220343075,0.02206745166256107,0.30905229797562184,0.005368958235596711,0.1757447745742603,-0.10740757529897103,0.0792219874907552,0.07662672437891618,0.41439620505534996,-0.2824058627672235,-0.14736418895874437,-0.029117264201430973,0.06465081838352359,-0.01217715256243984,-0.1280665815754047,0.13135656168320103,0.024435712499943748,-0.09269946840492793
cal_G_2,0.34789602903307176,0.08515081046846584,-0.21722106326726257,-0.23726031523909008,0.048385068333453934,0.07407373073314018,-0.13082288021310293,0.27053650522575634,0.18841903191383008,-0.21722106326726257,-0.1710602653726624,-0.17251285465987878,-0.09642750693890238,-0.13814796956745795,0.0702878231404755,0.6350001301103697,0.42608159920815597,0.41342865434588083,0.047093073880889305,0.7067924903428299,0.07955466310973376,0.596824327955013,0.33046811233316786,1.0,0.30949540342288784,0.7170060480398313,0.3138257322716027,0.2591412722564683,0.02962800102658714,-0.018130572092529787,0.2521851911427226,0.08306506422172732,0.2317777838188169,0.2728612618835181,-0.07126735382070973,-0.036656822944206253,-0.1461135417981015,0.16133346845297317,-0.24170625003850163,0.1765540087745527,-0.1269039360934425,-0.1181482648332344,0.21056885517587728,-0.25809592587064967,-0.12872165310875358,0.38252366757000433,0.011251161498292427
cal_G_3,0.30115807551557033,-0.15119351877959814,-0.17673877010789169,-0.2567494444085249,-0.1749549083847355,0.07529839501873097,-0.04489809567800417,-0.005112942195486251,-0.13197323701530264,-0.17673877010789169,-0.24951382757042506,-0.1866008179674658,-0.1278457177330391,-0.07932429010370809,-0.08672533551167773,-0.0012591253293001473,0.06447252811017605,0.08200803552888944,0.022437634664198906,0.6189693770282981,-0.14033306867728818,0.4281146458587233,0.07132792289794783,0.30949540342288784,1.0,0.3189659820693877,0.7720978939713864,0.029513644719678253,-0.04092157320225468,-0.045487013556534055,0.04649099413842452,0.026122620092820965,-0.02124998710256967,0.03662381767364295,-0.04092157320225467,-0.0022169189078863763,-0.08389810587851798,-0.030057327102164088,-0.19588163082909588,0.2418415352855039,-0.060463756575231946,-0.0981471839153953,0.1279184661934602,-0.14819816869151556,-0.2579633018403663,0.42395598452482414,0.030558118305736324
cal_V,0.5046168557086229,0.2553113847409571,-0.15321478126096766,-0.2120941898870975,0.1801835568765621,0.23541875420983585,-0.0028519570857110203,0.1111482325436861,0.33373461571616697,-0.15321478126096766,-0.1553171882316531,0.022541570299456193,0.015525085602563557,-0.008231916591482612,0.4004023466790299,0.3038289382183299,0.2964498312313279,0.3604578806502532,0.018716793999671164,0.8800196900591853,-0.029009447653929404,0.6337635210319192,0.7815460802300755,0.7170060480398313,0.3189659820693877,1.0,0.24321964785999647,0.21601221684775568,-0.03667566598569421,-0.06971643431855577,0.10145903444697406,0.2474495553438346,0.12888086639087057,0.23183087889743903,-0.08531918087198337,0.00679728141357365,-0.00039575302440166254,0.3940701118569037,-0.30567659579057654,-0.04124368708566749,-0.04433811942662178,-0.04406452688624437,0.07540553963335764,-0.18086608332712667,-0.007624677928604778,0.2258556848713636,-0.07298274021675576
cal_L,0.3546754795620386,-0.07971043296656262,-0.1960880162630381,-0.368379765441754,-0.04995484452806474,0.019070939761619755,-0.10425453126257578,-0.016931637249650057,-0.06940761722242132,-0.1960880162630381,-0.3638681820915601,-0.1791824120917368,0.10746227919381798,-0.056578176450726145,-0.1085730161549687,0.05837475472523,0.18380414712149734,0.06426169447354728,-0.051992555618592,0.6744104339470031,-0.09462553211966011,0.5729830534162781,0.3358264903737625,0.3138257322716027,0.7720978939713864,0.24321964785999647,1.0,0.07566594588264552,-0.0166785013500657,-0.027246923170899252,0.09185616145931458,0.08650571637843518,-0.038558832401589506,0.09166564342998812,-0.09173175742536133,0.05873106375950788,-0.09189784598091565,-0.0039814239217270606,-0.23833374610834637,0.2369421165058539,-0.11396747288442914,-0.03150673827506883,0.13992637355101906,-0.2086596388713972,-0.16157298182876143,0.35850635055953123,0.0372819929135673
numero_de_abscesos,0.011702829743622228,0.2849500987761483,-0.15620474297831421,0.26827057889578915,-0.06352625355528349,0.34025569069231293,0.20097578304077432,0.7032192777743047,0.3517255436058569,-0.15620474297831421,0.317746852244423,-0.20424789117098635,-0.13547885904754767,-0.09456150270769186,0.04609737450237202,0.12195525009139435,0.6223015544184335,0.36561257557786303,0.4562111420159087,0.20243708966588986,0.22687929461546025,0.3094887679782561,0.1565733694958624,0.2591412722564683,0.029513644719678253,0.21601221684775568,0.07566594588264552,1.0,-0.04878210003655782,0.6139589821265591,0.6886916226474482,0.7634873860455672,0.7556177396387379,0.9858131421660575,0.12195525009139442,-0.08588975014708022,-0.10001389178307746,0.13974077116002082,0.15109345279913342,-0.16016460870682395,0.05504658655826741,-0.13580361906377778,0.03197371335001793,-0.1766651994197003,-0.09146643756854586,5.6986574694869e-18,0.3842510054674692
numero_de_dientes_abs_no_obs,0.0967339035753199,-0.11562658877174058,-0.07862622117298078,-0.16024826033493217,-0.10501977078265334,0.0350410395206498,-0.04582722344417298,-0.06549531463278088,-0.11376440759447917,-0.07862622117298078,-0.1626039915453131,-0.08901859108083902,-0.05733625437136616,-0.031265269974036204,-0.04403062470066964,-0.016129032258064547,-0.0022861577500163923,-0.022133696313795075,-0.04352568773588311,-0.03616403645650993,0.6507243905691156,0.047079248449978996,-0.04644651904820372,0.02962800102658714,-0.04092157320225468,-0.03667566598569421,-0.0166785013500657,-0.04878210003655782,1.0,-0.03347829420911855,-0.03503154258888814,-0.035223497683817405,-0.037288521227723505,-0.04636854172504175,-0.016129032258064523,-0.028398091712353284,-0.03306801645716238,-0.06160411036336977,-0.07720575958283826,0.14664711502135316,0.11729073172900599,-0.04490132550669372,-0.09303011703238381,-0.05841156281058734,0.12500000000000025,-0.06788442333021304,-0.041204282171516525
porcentaje_dientes_con_abscesos,-0.264348860337283,-0.06727491662225775,-0.13971310618264757,0.032840011607927336,-0.171698541801612,0.07666944488195812,0.021517741775852976,0.22874728771566422,-0.053346196163209354,-0.13971310618264757,0.0389505150682657,-0.20393796744576614,-0.11213530525575054,-0.06489589021653473,-0.05078069413288129,0.0013329903277462074,0.1777531806209701,0.043209607867760735,0.1567767324367077,-0.06598312953760861,0.0019508423035505006,0.2544378576736357,-0.06354985220343075,-0.018130572092529787,-0.045487013556534055,-0.06971643431855577,-0.027246923170899252,0.6139589821265591,-0.03347829420911855,1.0,0.39590504020530043,0.3081287743583718,0.7080847901954489,0.5953153232159342,0.1336158715678323,-0.058944619498069034,-0.06863776859962084,0.19318384642540484,0.09067747759188766,-0.1754366929174015,-0.022776266958954128,-0.09319962671293451,0.0852535848624756,-0.12124220806920935,-0.14685145178895484,-0.09276397246631483,0.5382813267651093
abs_G_1,0.015607558385645143,0.1464958959775705,-0.020090901713967862,0.21279867268493585,-0.02867521278493935,0.328464307461696,-0.0696742875139725,0.41253346232677346,0.12848744831739906,-0.020090901713967862,0.20625289277224274,-0.21734580865079528,-0.12453180108766548,-0.06790677947220902,-0.0956325636738454,0.2802523407111046,0.5536458040574487,0.15161612836295008,0.14017386580545524,0.12668819833123296,0.07066722552573582,0.13390158088859597,0.02206745166256107,0.2521851911427226,0.04649099413842452,0.10145903444697406,0.09185616145931458,0.6886916226474482,-0.03503154258888814,0.39590504020530043,1.0,0.15300774894579125,0.2105714364178638,0.6457314891691468,0.2802523407111049,-0.06167939547439614,-0.0718222648646463,0.06690069749119347,0.09863969706228576,-0.07962775715882565,-0.06149144360377203,-0.09752368720068672,0.12858191018011209,-0.12686732331752126,-0.12261039906110842,-0.052657841483891826,0.4474693653781735
abs_G_2,0.09717637934172951,0.3857820979694681,-0.17170841220117583,0.2630448284828435,-0.009173925859236187,0.33026412535894345,0.39031237489990017,0.657949002844217,0.4587954352422223,-0.17170841220117583,0.3197202403871514,-0.06770617209774103,-0.04304237170372275,-0.06827887419989198,0.2145031436673542,-0.035223497683817384,0.5192346928264794,0.30303470714316005,0.5244351536076629,0.2286513818582236,0.28125718247301396,0.25595268137780314,0.30905229797562184,0.08306506422172732,0.026122620092820965,0.2474495553438346,0.08650571637843518,0.7634873860455672,-0.035223497683817405,0.3081287743583718,0.15300774894579125,1.0,0.6026026663356228,0.7743584417503069,-0.03522349768381737,-0.062017367294604275,-0.072215814467412,0.10090091909944682,0.14381127926854492,-0.1467841409879964,0.16340359036366184,-0.09805806756909202,-0.10619960353292711,-0.12756249193674607,-0.004402937210477133,0.0741249316661101,0.06748819059987725
abs_G_3,-0.1145026465015554,0.0757394652239858,-0.1817750420703918,0.08695595722940705,-0.12042581459281294,0.02728790563450938,0.16104008210994242,0.48453712851217395,0.19357580506498515,-0.1817750420703918,0.16086166998787463,-0.1521508383193306,-0.13255501657117985,-0.07228181235327602,-0.0031321195937504963,-0.037288521227723526,0.22779821395500763,0.395194741815288,0.38029888174026943,0.07780864855082018,0.16172322742380785,0.32696204634512693,0.005368958235596711,0.2317777838188169,-0.02124998710256967,0.12888086639087057,-0.038558832401589506,0.7556177396387379,-0.037288521227723505,0.7080847901954489,0.2105714364178638,0.6026026663356228,1.0,0.7667873532770951,-0.037288521227723546,-0.06565321642986133,-0.07644956088453957,0.15666400527136848,0.08609570393155805,-0.13561270072416193,0.035531712918572975,-0.10380684981717497,0.03128367136208559,-0.1350410095880396,-0.06339048608712997,-0.01569412051435859,0.3048310352844594
abs_V,0.03958770135444262,0.2949315599303074,-0.14391382332578834,0.24198619877668426,-0.04617539506509135,0.3365201167607544,0.1937446682200949,0.6955623760104143,0.36245451493210207,-0.14391382332578834,0.29231975854903713,-0.18396814846463963,-0.1266548507505822,-0.08988294847081897,0.05384006237101617,0.12546781878540705,0.6023374326757942,0.3717089709852177,0.4505180620721344,0.22228439604829128,0.23384184318094994,0.3380165392436534,0.1757447745742603,0.2728612618835181,0.03662381767364295,0.23183087889743903,0.09166564342998812,0.9858131421660575,-0.04636854172504175,0.5953153232159342,0.6457314891691468,0.7743584417503069,0.7667873532770951,1.0,-0.04636854172504176,-0.08164024222950038,-0.09506557345321434,0.1510580584043748,0.11673754947805028,-0.1425960758099897,0.0355660182688721,-0.12908455708654223,0.04791173466886322,-0.16792445721927204,-0.1131937930346607,0.011479853315963412,0.39369237749132974
abs_L,-0.1644476360780437,-0.04817774532155857,-0.07862622117298085,0.165640092082719,-0.1050197707826533,0.03504103952064986,0.05040994578859019,0.07204484609605882,-0.050056339341570874,-0.07862622117298085,0.16245388786630077,-0.12769563410216908,-0.05733625437136604,-0.031265269974036156,-0.04403062470066969,-0.016129032258064533,0.14174178050101593,-0.02213369631379507,0.05103011665586293,-0.10965869119070745,-0.03253621952845582,-0.15691459703608218,-0.10740757529897103,-0.07126735382070973,-0.04092157320225467,-0.08531918087198337,-0.09173175742536133,0.12195525009139442,-0.016129032258064523,0.1336158715678323,0.2802523407111049,-0.03522349768381737,-0.037288521227723546,-0.04636854172504176,1.0,-0.02839809171235326,-0.0330680164571623,-0.061604110363369755,0.20890970240062018,-0.10998533626601485,0.11729073172900588,-0.044901325506693714,-0.09303011703238373,-0.058411562810587285,0.12499999999999997,-0.06788442333021304,-0.04120428217151647
Periodo_2.0,-0.0034063522491280755,0.014137612311405534,-0.138435747671697,-0.08080461488605979,0.08135881032503778,-0.00649432805770775,-0.08068715304598792,-0.11531640100361075,0.0053414109063763295,-0.138435747671697,-0.08546539362837512,0.13835776268740368,-0.1009508930250138,-0.05504818825631799,-0.07752391454091308,-0.028398091712353274,-0.08855431380708208,-0.03897039374685668,-0.07663488127434512,0.03337716277937775,-0.09070271594630704,0.1122175958812624,0.0792219874907552,-0.036656822944206253,-0.0022169189078863763,0.00679728141357365,0.05873106375950788,-0.08588975014708022,-0.028398091712353284,-0.058944619498069034,-0.06167939547439614,-0.062017367294604275,-0.06565321642986133,-0.08164024222950038,-0.02839809171235326,1.0,-0.05822225097395829,-0.10846522890932817,-0.13593476696403015,-0.19364916731037066,-0.09257418493308138,-0.07905694150420949,0.14890583938253504,-0.10284416890093033,0.22008521077073745,-0.11952286093343932,-0.07254762501100115
Periodo_3.0,-0.024790686944305234,0.02222433752851365,0.3366252352790273,0.08241655212950848,0.13349425934936113,-0.10681731745847028,-0.09395575350035378,-0.13427960881291667,0.011662086237978037,0.3366252352790273,0.07653952709215887,0.1346778970346571,-0.11755176459495131,0.4406915469441433,-0.09027233617769456,-0.03306801645716234,-0.15233138473394,-0.045378880905669265,-0.0892371058182883,-0.04589162455991186,-0.037522299968376166,-0.057304714377092954,0.07662672437891618,-0.1461135417981015,-0.08389810587851798,-0.00039575302440166254,-0.09189784598091565,-0.10001389178307746,-0.03306801645716238,-0.06863776859962084,-0.0718222648646463,-0.072215814467412,-0.07644956088453957,-0.09506557345321434,-0.0330680164571623,-0.05822225097395829,1.0,-0.12630179559013455,-0.15828856236532635,-0.2254938084008487,0.10987057835800962,-0.09205746178983236,-0.05418520720011153,0.051712982384638104,0.12607181274293097,-0.13917780012784423,-0.08447772061910246
Periodo_4.0,0.20320892704611473,0.13800954200291404,-0.05299575903686329,-0.16034847927048676,0.10429075074004152,0.20780058992050585,-0.05251050315105037,0.012507819831856523,0.20422346822225898,-0.05299575903686329,-0.11507113690227325,0.10317316900874311,-0.07527892432884445,-0.014927035850663375,0.23932309081170086,-0.06160411036336974,0.014189298969763321,0.35928927766735397,-0.045860523806129774,0.29463359800609545,0.02071177020592414,0.23580752126919316,0.41439620505534996,0.16133346845297317,-0.030057327102164088,0.3940701118569037,-0.0039814239217270606,0.13974077116002082,-0.06160411036336977,0.19318384642540484,0.06690069749119347,0.10090091909944682,0.15666400527136848,0.1510580584043748,-0.061604110363369755,-0.10846522890932817,-0.12630179559013455,1.0,-0.2948839123097941,-0.4200840252084025,-0.2008216031972228,0.21437323142813608,0.0686422003068898,-0.010140923928935404,-0.0885559086473439,0.032410186177608206,0.11803342130469495
Periodo_4.1,-0.24296070333582453,0.054262391575869554,0.061208087312418016,0.23229755862477539,0.050861829908684944,-0.09399276457138635,0.07871288824989896,0.03503937104159674,0.029470445782588454,0.061208087312418016,0.21847452254077987,0.07485021956777352,0.04338806272655422,-0.14965925284829312,-0.03051785051875735,-0.07720575958283815,0.009333975676998178,-0.10594862784950929,0.03127316469872106,-0.34900898802578595,0.14887196583636816,-0.2237868967828827,-0.2824058627672235,-0.24170625003850163,-0.19588163082909588,-0.30567659579057654,-0.23833374610834637,0.15109345279913342,-0.07720575958283826,0.09067747759188766,0.09863969706228576,0.14381127926854492,0.08609570393155805,0.11673754947805028,0.20890970240062018,-0.13593476696403015,-0.15828856236532635,-0.2948839123097941,1.0,-0.5264730886222739,0.1309652289061355,-0.10114434748483471,-0.07024984435216727,0.19138530064643164,0.02611371280007746,-0.15291587997987086,-0.07541334029155047
Periodo_4.2,0.0703613095050091,-0.17521515851907346,-0.11914652116716751,-0.0869626506732882,-0.22916459451354107,-0.025152424412309762,0.0520833333333333,0.07443641677192657,-0.1965283571136388,-0.11914652116716751,-0.10558967336803804,-0.2749059640865778,0.12218160233457631,-0.04737793696791327,-0.08468556742172807,0.14664711502135325,0.09353710434808754,-0.15093168597672152,0.08528897095233351,0.0875053016289246,-0.09244476534627076,-0.006438918046081087,-0.14736418895874437,0.1765540087745527,0.2418415352855039,-0.04124368708566749,0.2369421165058539,-0.16016460870682395,0.14664711502135316,-0.1754366929174015,-0.07962775715882565,-0.1467841409879964,-0.13561270072416193,-0.1425960758099897,-0.10998533626601485,-0.19364916731037066,-0.2254938084008487,-0.4200840252084025,-0.5264730886222739,1.0,0.027579867425734532,1.1331166295920975e-17,-0.02883549180407971,-0.1448413648755799,-0.10998533626601484,0.2314550249431377,0.04682929057908476
Sexo_F,-0.14457139130966776,-0.03020256776834443,-0.11017916453387892,0.09553550845308295,-0.013694046459937341,-0.08000679454388339,0.09193289141911523,-0.1100379327332026,-0.06732491285071653,-0.11017916453387892,0.0717258453001392,0.05572866915627758,-0.1491677059855301,-0.019600158307197885,0.1061643964711077,-0.137513271682283,-0.10978230877652423,-0.18870797366098657,0.008279949961334266,-0.0917817483502484,-0.06323043643684162,-0.09859253974609537,-0.029117264201430973,-0.1269039360934425,-0.060463756575231946,-0.04433811942662178,-0.11396747288442914,0.05504658655826741,0.11729073172900599,-0.022776266958954128,-0.06149144360377203,0.16340359036366184,0.035531712918572975,0.0355660182688721,0.11729073172900588,-0.09257418493308138,0.10987057835800962,-0.2008216031972228,0.1309652289061355,0.027579867425734532,1.0,-0.3828207467443884,-0.7931582970027418,0.08921509264969127,-0.01718915896028538,0.11064731431783179,-0.24281057765272318
